{
    "AmazonCommunity": {
        "dataset": "AmazonCommunity",
        "num_nodes": 20446741,
        "num_edges": 227916430,
        "num_groups": 38517,
        "num_member_nodes": 4852703,
        "avg_degree": 1.0,
        "avg_group_size": 125.98860243528831
    },
    "Meetup_94101": {
        "dataset": "Meetup_94101",
        "num_nodes": 47049134,
        "num_edges": 733309819,
        "num_groups": 765,
        "num_member_nodes": 7481246,
        "avg_degree": 1.0,
        "avg_group_size": 9779.406535947712
    },
    "Aminer": {
        "dataset": "Aminer",
        "num_nodes": 765257,
        "num_edges": 1694822,
        "num_groups": 7297,
        "num_member_nodes": 530552,
        "avg_degree": 1.0,
        "avg_group_size": 72.70823626147732
    }
}