{
    "AmazonCommunity": {
        "dataset": "AmazonCommunity",
        "num_nodes": 20324448,
        "num_edges": 226508356,
        "num_groups": 38516,
        "num_member_nodes": 4828623,
        "avg_degree": 11.144625231642207,
        "avg_group_size": 125.3666787828435,
        "median_group_size": 1794.5
    },
    "Aminer": {
        "dataset": "Aminer",
        "num_nodes": 778066,
        "num_edges": 1762948,
        "num_groups": 7297,
        "num_member_nodes": 530552,
        "avg_degree": 2.2658077849436937,
        "avg_group_size": 72.70823626147732,
        "median_group_size": 596.0
    }
}